#------------------------------------------------------------
# ALL DATASETS
#------------------------------------------------------------

          acell   1.0886698670E+01  1.0886698670E+01  1.5155835667E+01 
        chkprim  0
         diemac  12
       dmatpawu   7.2702000000E-01  0.0000000000E+00 -3.8793000000E-01  0.0000000000E+00  0.0000000000E+00 
                  0.0000000000E+00  4.7857000000E-01  0.0000000000E+00 -4.5666000000E-01  0.0000000000E+00 
                 -3.8793000000E-01  0.0000000000E+00  3.2919000000E-01  0.0000000000E+00  0.0000000000E+00 
                  0.0000000000E+00 -4.5666000000E-01  0.0000000000E+00  4.7857000000E-01  0.0000000000E+00 
                  0.0000000000E+00  0.0000000000E+00  0.0000000000E+00  0.0000000000E+00  2.2830000000E-02 
                  9.7190000000E-01  0.0000000000E+00 -4.9700000000E-03  0.0000000000E+00  0.0000000000E+00 
                  0.0000000000E+00  9.4790000000E-01  0.0000000000E+00 -2.3100000000E-03  0.0000000000E+00 
                 -4.9700000000E-03  0.0000000000E+00  9.7473000000E-01  0.0000000000E+00  0.0000000000E+00 
                  0.0000000000E+00 -2.3100000000E-03  0.0000000000E+00  9.4790000000E-01  0.0000000000E+00 
                  0.0000000000E+00  0.0000000000E+00  0.0000000000E+00  0.0000000000E+00  9.4985000000E-01 
                  9.7190000000E-01  0.0000000000E+00 -4.9700000000E-03  0.0000000000E+00  0.0000000000E+00 
                  0.0000000000E+00  9.4790000000E-01  0.0000000000E+00 -2.3100000000E-03  0.0000000000E+00 
                 -4.9700000000E-03  0.0000000000E+00  9.7473000000E-01  0.0000000000E+00  0.0000000000E+00 
                  0.0000000000E+00 -2.3100000000E-03  0.0000000000E+00  9.4790000000E-01  0.0000000000E+00 
                  0.0000000000E+00  0.0000000000E+00  0.0000000000E+00  0.0000000000E+00  9.4985000000E-01 
                  7.2702000000E-01  0.0000000000E+00 -3.8793000000E-01  0.0000000000E+00  0.0000000000E+00 
                  0.0000000000E+00  4.7857000000E-01  0.0000000000E+00 -4.5666000000E-01  0.0000000000E+00 
                 -3.8793000000E-01  0.0000000000E+00  3.2919000000E-01  0.0000000000E+00  0.0000000000E+00 
                  0.0000000000E+00 -4.5666000000E-01  0.0000000000E+00  4.7857000000E-01  0.0000000000E+00 
                  0.0000000000E+00  0.0000000000E+00  0.0000000000E+00  0.0000000000E+00  2.2830000000E-02 
           ecut  26
         ecutsm       0.5
         irdwfk  1
           iscf  17
            ixc  -116133
          jpawu  0 0 0
         kptopt  1
          lpawu  -1 2 -1
          natom  20
          nband  128
          ngkpt  4 4 2
          npkpt  8
        nshiftk  1
         nspden  2
         nsppol  1
          nstep  50
         ntypat  3
         occopt  7
      pawecutdg  52
      prtdensph  1
         shiftk       0.5      0.5      0.5
         spinat  0 0 0 0 0 0 0 0 0 0 0 0 0 0 -4 0 0 4 0 0 4 0 0 -4 0 0 0 0 0 0 0 0 0 0 0 0 0 0 0 0 0 0 0 0 0 0 0 0 0 0 0 0 0 0 0 0 0 0 0 0
         tolvrs     1e-14
         tsmear     0.001
          typat  1 1 1 1 2 2 2 2 3 3 3 3 3 3 3 3 3 3 3 3
          upawu   0.0000000000e+00  1.4699730159e-01  0.0000000000e+00
      usedmatpu  25
        usepawu  1
           xred   3.5306181349E-21 -3.3593062368E-21 -3.1414156623E-33 
                  5.0000000000E-01  5.0000000000E-01  9.2234504484E-33 
                  3.5306181349E-21 -3.3593062368E-21  5.0000000000E-01 
                  5.0000000000E-01  5.0000000000E-01  5.0000000000E-01 
                  5.0000000000E-01 -3.3593062368E-21  2.5000000000E-01 
                  3.5306181349E-21  5.0000000000E-01  2.5000000000E-01 
                  5.0000000000E-01 -3.3593062369E-21  7.5000000000E-01 
                  3.5306181349E-21  5.0000000000E-01  7.5000000000E-01 
                  5.0000000000E-01 -3.3593062368E-21  3.0410173930E-33 
                  3.5306181349E-21  5.0000000000E-01  3.0410173930E-33 
                  5.0000000000E-01 -3.3593062368E-21  5.0000000000E-01 
                  3.5306181349E-21  5.0000000000E-01  5.0000000000E-01 
                  2.5582007195E-01  2.4417992805E-01  2.5000000000E-01 
                  7.5582007195E-01  2.5582007195E-01  2.5000000000E-01 
                  7.4417992805E-01  7.5582007195E-01  2.5000000000E-01 
                  2.4417992805E-01  7.4417992805E-01  2.5000000000E-01 
                  2.4417992805E-01  2.5582007195E-01  7.5000000000E-01 
                  7.4417992805E-01  2.4417992805E-01  7.5000000000E-01 
                  7.5582007195E-01  7.4417992805E-01  7.5000000000E-01 
                  2.5582007195E-01  7.5582007195E-01  7.5000000000E-01 
          znucl  19 27 9

